4.0164,0.2052,1,0,0,0,0,8
4.1352,0,0,1,0,0,0,8
4.1768,0,0,0,1,0,0,8
4.2018,0,0,0,0,1,0,8
4.2426,0,0,0,0,0,1,8
4.2017,0.23177,1,0,0,0,0,12
4.2428,2e-05,0,1,0,0,0,12
4.2588,0,0,0,1,0,0,12
4.268,0,0,0,0,1,0,12
4.3099,0,0,0,0,0,1,12
4.0977,0.299,1,0,0,0,0,13
4.1851,0,0,1,0,0,0,13
4.2305,0,0,0,1,0,0,13
4.2525,0,0,0,0,1,0,13
4.2857,0,0,0,0,0,1,13
4.1239,0.1556,1,0,0,0,0,16
4.2121,0,0,1,0,0,0,16
4.2537,0,0,0,1,0,0,16
4.2656,0,0,0,0,1,0,16
4.2938,0,0,0,0,0,1,16
3.3979,0.66838,1,0,0,0,0,19
3.6,0.0572,0,1,0,0,0,19
3.6846,0,0,0,1,0,0,19
3.7898,0,0,0,0,1,0,19
3.881,0,0,0,0,0,1,19
4.0792,0.33843,1,0,0,0,0,20
4.1604,0,0,1,0,0,0,20
4.2303,0,0,0,1,0,0,20
4.2638,0,0,0,0,1,0,20
4.2677,0,0,0,0,0,1,20
4.091,0,0,1,0,0,0,22
4.1487,0,0,0,1,0,0,22
4.192,0,0,0,0,1,0,22
4.2218,0,0,0,0,0,1,22
3.8067,0.6387,1,0,0,0,0,25
4.0553,0,0,1,0,0,0,25
4.122,0,0,0,1,0,0,25
4.1991,0,0,0,0,1,0,25
4.2595,0,0,0,0,0,1,25
3.541,0.95,1,0,0,0,0,27
3.6988,0,0,1,0,0,0,27
3.7572,0,0,0,1,0,0,27
3.8301,0,0,0,0,1,0,27
3.9559,0,0,0,0,0,1,27
3.6028,0.5252,1,0,0,0,0,28
3.9318,0,0,1,0,0,0,28
4.0054,0,0,0,1,0,0,28
4.0783,0,0,0,0,1,0,28
4.1379,0,0,0,0,0,1,28
3.8918,0.198,1,0,0,0,0,29
4.0466,0,0,1,0,0,0,29
4.167,0,0,0,1,0,0,29
4.2293,0,0,0,0,1,0,29
4.2802,0,0,0,0,0,1,29
4.162,0.12063,1,0,0,0,0,35
4.2356,0.0002,0,1,0,0,0,35
4.2643,0,0,0,1,0,0,35
4.2831,0,0,0,0,1,0,35
4.3138,0,0,0,0,0,1,35
4.1604,0.14378,1,0,0,0,0,36
4.237,0,0,1,0,0,0,36
4.2669,0,0,0,1,0,0,36
4.2927,0,0,0,0,1,0,36
4.3287,0,0,0,0,0,1,36
3.7377,0.8026,1,0,0,0,0,38
4.0019,0,0,1,0,0,0,38
4.0482,0,0,0,1,0,0,38
4.1336,0,0,0,0,1,0,38
4.2384,0,0,0,0,0,1,38
3.7819,0.2905,1,0,0,0,0,39
3.7087,0.0107,0,1,0,0,0,39
3.5924,0,0,0,1,0,0,39
4.123,0,0,0,0,1,0,39
4.1791,0,0,0,0,0,1,39
3.635,0.535,1,0,0,0,0,43
3.924,0,0,1,0,0,0,43
4.0397,0,0,0,1,0,0,43
4.1093,0,0,0,0,1,0,43
4.1883,0,0,0,0,0,1,43
3.8979,0.667,1,0,0,0,0,46
4.0483,0,0,1,0,0,0,46
4.1248,0,0,0,1,0,0,46
4.2065,0,0,0,0,1,0,46
4.2863,0,0,0,0,0,1,46
4.0656,0.28767,1,0,0,0,0,50
4.2121,0,0,1,0,0,0,50
4.2451,0,0,0,1,0,0,50
4.2451,0,0,0,0,1,0,50
4.2523,0,0,0,0,0,1,50
4.151,0.1826,1,0,0,0,0,51
4.2121,0,0,1,0,0,0,51
4.2419,0,0,0,1,0,0,51
4.255,0,0,0,0,1,0,51
4.2853,0,0,0,0,0,1,51
4.1821,0.1214,1,0,0,0,0,55
4.2627,0,0,1,0,0,0,55
4.2789,0,0,0,1,0,0,55
4.2947,0,0,0,0,1,0,55
4.308,0,0,0,0,0,1,55
3.3979,0.198,1,0,0,0,0,56
3.8265,0,0,1,0,0,0,56
3.9543,0,0,0,1,0,0,56
4.073,0,0,0,0,1,0,56
4.162,0,0,0,0,0,1,56
3.6628,0.3125,1,0,0,0,0,57
3.7635,0.0004,0,1,0,0,0,57
3.8562,0,0,0,1,0,0,57
3.9751,0,0,0,0,1,0,57
4.0822,0,0,0,0,0,1,57
3.6712,0.9302,1,0,0,0,0,58
3.8795,0.007,0,1,0,0,0,58
3.9774,0,0,0,1,0,0,58
4.0614,0,0,0,0,1,0,58
4.1473,0,0,0,0,0,1,58
3.434,0.3733,1,0,0,0,0,59
3.7471,0.00033333,0,1,0,0,0,59
3.8367,0,0,0,1,0,0,59
3.9343,0,0,0,0,1,0,59
4.0171,0,0,0,0,0,1,59
3.916,0.38709,1,0,0,0,0,61
4.1573,0,0,1,0,0,0,61
4.2376,0,0,0,1,0,0,61
4.2812,0,0,0,0,1,0,61
4.3245,0,0,0,0,0,1,61
4.0483,0.22343,1,0,0,0,0,64
4.1942,3e-05,0,1,0,0,0,64
4.2272,0,0,0,1,0,0,64
4.2522,0,0,0,0,1,0,64
4.2931,0,0,0,0,0,1,64
4.0943,0.2792,1,0,0,0,0,66
4.1972,0,0,1,0,0,0,66
4.2546,0,0,0,1,0,0,66
4.2768,0,0,0,0,1,0,66
4.3074,0,0,0,0,0,1,66
4.1744,0.26991,1,0,0,0,0,70
4.237,0.0001,0,1,0,0,0,70
4.2593,0,0,0,1,0,0,70
4.2721,0,0,0,0,1,0,70
4.301,0,0,0,0,0,1,70
3.9964,0.40921,1,0,0,0,0,78
4.1881,0,0,1,0,0,0,78
4.2319,0,0,0,1,0,0,78
4.2745,0,0,0,0,1,0,78
4.3089,0,0,0,0,0,1,78
3.8501,0.198,1,0,0,0,0,79
3.4144,0.8056,1,0,0,0,0,81
3.7377,0,0,1,0,0,0,81
3.8263,0,0,0,1,0,0,81
3.9527,0,0,0,0,1,0,81
4.0492,0,0,0,0,0,1,81
3.8918,0.505,1,0,0,0,0,84
3.957,0,0,1,0,0,0,84
4.0309,0,0,0,1,0,0,84
4.089,0,0,0,0,1,0,84
4.1111,0,0,0,0,0,1,84
4.1109,0,0,1,0,0,0,85
4.1903,0,0,0,1,0,0,85
4.2479,0,0,0,0,1,0,85
4.3048,0,0,0,0,0,1,85
3.4812,0.6095,1,0,0,0,0,86
3.7329,0,0,1,0,0,0,86
3.842,0,0,0,1,0,0,86
3.968,0,0,0,0,1,0,86
4.0945,0,0,0,0,0,1,86
3.541,0.1175,1,0,0,0,0,88
3.627,0,0,1,0,0,0,88
3.7474,0,0,0,1,0,0,88
3.8627,0,0,0,0,1,0,88
3.9328,0,0,0,0,0,1,88
4.0254,0.26761,1,0,0,0,0,89
4.1526,0,0,1,0,0,0,89
4.2233,0,0,0,1,0,0,89
4.2451,0,0,0,0,1,0,89
4.2415,0,0,0,0,0,1,89
3.5351,0.8775,1,0,0,0,0,90
3.6243,0.0086,0,1,0,0,0,90
3.7255,0,0,0,1,0,0,90
3.8696,0,0,0,0,1,0,90
4.0039,0,0,0,0,0,1,90
3.4012,1.126,1,0,0,0,0,92
3.6558,0.060925,0,1,0,0,0,92
3.7917,0,0,0,1,0,0,92
3.8994,0,0,0,0,1,0,92
3.9961,0,0,0,0,0,1,92
4.091,0.30567,1,0,0,0,0,93
4.2032,0,0,1,0,0,0,93
4.2441,0,0,0,1,0,0,93
4.264,0,0,0,0,1,0,93
4.2859,0,0,0,0,0,1,93
3.6628,0.3715,1,0,0,0,0,94
3.8308,0.0072,0,1,0,0,0,94
3.9075,0,0,0,1,0,0,94
4.0037,0,0,0,0,1,0,94
4.0965,0,0,0,0,0,1,94
3.6628,0.6877,1,0,0,0,0,95
3.7842,0.0592,0,1,0,0,0,95
3.8873,0,0,0,1,0,0,95
4.0142,0,0,0,0,1,0,95
4.1268,0,0,0,0,0,1,95
4.1109,0.1725,1,0,0,0,0,96
4.2767,0,0,1,0,0,0,96
4.2939,0,0,0,1,0,0,96
4.3036,0,0,0,0,1,0,96
4.3389,0,0,0,0,0,1,96
4.0724,0.8164,1,0,0,0,0,98
4.1897,0,0,1,0,0,0,98
4.244,0,0,0,1,0,0,98
4.275,0,0,0,0,1,0,98
4.3029,0,0,0,0,0,1,98
3.9722,0.1175,1,0,0,0,0,99
4.069,0,0,1,0,0,0,99
4.1647,0,0,0,1,0,0,99
4.2248,0,0,0,0,1,0,99
4.2591,0,0,0,0,0,1,99
3.8774,0.41449,1,0,0,0,0,101
4.1573,0,0,1,0,0,0,101
4.215,0,0,0,1,0,0,101
4.2756,0,0,0,0,1,0,101
4.3308,0,0,0,0,0,1,101
3.6738,0,0,1,0,0,0,105
3.7517,0,0,0,1,0,0,105
3.7461,0,0,0,0,1,0,105
3.6762,0,0,0,0,0,1,105
3.8857,0.1855,1,0,0,0,0,108
3.8607,0.0107,0,1,0,0,0,108
3.9918,0,0,0,1,0,0,108
4.0931,0,0,0,0,1,0,108
4.2023,0,0,0,0,0,1,108
3.6323,0,0,1,0,0,0,110
3.6993,0,0,0,1,0,0,110
3.6993,0,0,0,0,1,0,110
3.8063,0,0,0,0,0,1,110
3.6628,0.5159,1,0,0,0,0,111
4.0254,0.0006,0,1,0,0,0,111
4.0914,0,0,0,1,0,0,111
4.1614,0,0,0,0,1,0,111
4.1744,0,0,0,0,0,1,111
3.7448,0.61658,1,0,0,0,0,116
4.036,0.0038,0,1,0,0,0,116
4.132,0,0,0,1,0,0,116
4.1694,0,0,0,0,1,0,116
4.2224,0,0,0,0,0,1,116
3.6628,0.21805,1,0,0,0,0,122
3.7589,0.0349,0,1,0,0,0,122
3.8485,0,0,0,1,0,0,122
3.9492,0,0,0,0,1,0,122
4.0606,0,0,0,0,0,1,122
3.7751,0.62085,1,0,0,0,0,127
3.924,0.0037,0,1,0,0,0,127
4.049,0,0,0,1,0,0,127
4.1224,0,0,0,0,1,0,127
4.2011,0,0,0,0,0,1,127
3.6,0.62119,1,0,0,0,0,132
3.6082,0.004,0,1,0,0,0,132
3.7845,0,0,0,1,0,0,132
3.8888,0,0,0,0,1,0,132
3.9532,0,0,0,0,0,1,132
3.4657,0.893,1,0,0,0,0,139
3.9318,0,0,1,0,0,0,139
4.0843,0,0,0,1,0,0,139
4.1334,0,0,0,0,1,0,139
4.1894,0,0,0,0,0,1,139
3.7519,0.3169,1,0,0,0,0,141
3.8816,0.0009,0,1,0,0,0,141
3.9946,0,0,0,1,0,0,141
4.1199,0,0,0,0,1,0,141
4.2028,0,0,0,0,0,1,141
3.5973,0.013537,0,1,0,0,0,146
3.6804,0,0,0,1,0,0,146
3.758,0,0,0,0,1,0,146
3.8256,0,0,0,0,0,1,146
3.541,0.4756,1,0,0,0,0,147
3.7448,0,0,1,0,0,0,147
3.8573,0,0,0,1,0,0,147
3.987,0,0,0,0,1,0,147
4.0728,0,0,0,0,0,1,147
4.2106,0.18005,1,0,0,0,0,148
4.2781,0.0003,0,1,0,0,0,148
4.2953,0,0,0,1,0,0,148
4.2977,0,0,0,0,1,0,148
4.327,0,0,0,0,0,1,148
4.2092,0.2144,1,0,0,0,0,149
4.2863,0,0,1,0,0,0,149
4.296,0,0,0,1,0,0,149
4.3066,0,0,0,0,1,0,149
4.3273,0,0,0,0,0,1,149
4.2151,0.2141,1,0,0,0,0,151
4.2428,0,0,1,0,0,0,151
4.2612,0,0,0,1,0,0,151
4.2699,0,0,0,0,1,0,151
4.2932,0,0,0,0,0,1,151
3.4012,0.8134,1,0,0,0,0,153
3.661,0.0174,0,1,0,0,0,153
3.781,0,0,0,1,0,0,153
3.9006,0,0,0,0,1,0,153
4.0095,0,0,0,0,0,1,153
3.7471,0.5952,1,0,0,0,0,154
4.011,0,0,1,0,0,0,154
4.1098,0,0,0,1,0,0,154
4.1834,0,0,0,0,1,0,154
4.2502,0,0,0,0,0,1,154
3.7038,0.83215,1,0,0,0,0,155
3.7819,0,0,1,0,0,0,155
3.8708,0,0,0,1,0,0,155
3.9879,0,0,0,0,1,0,155
4.1007,0,0,0,0,0,1,155
3.8565,0.97649,1,0,0,0,0,156
3.8607,0,0,1,0,0,0,156
3.9728,0,0,0,1,0,0,156
4.0462,0,0,0,0,1,0,156
4.1123,0,0,0,0,0,1,156
4.0091,0.30758,1,0,0,0,0,159
4.1158,0,0,1,0,0,0,159
4.2148,0,0,0,1,0,0,159
4.2466,0,0,0,0,1,0,159
4.2499,0,0,0,0,0,1,159
3.918,0.62339,1,0,0,0,0,162
4.0826,0.0148,0,1,0,0,0,162
4.1501,0,0,0,1,0,0,162
4.2109,0,0,0,0,1,0,162
4.2682,0,0,0,0,0,1,162
3.8416,0.3642,1,0,0,0,0,163
4.1368,0,0,1,0,0,0,163
4.1575,0,0,0,1,0,0,163
4.1826,0,0,0,0,1,0,163
4.2021,0,0,0,0,0,1,163
3.902,0.42206,1,0,0,0,0,167
4.1125,0,0,1,0,0,0,167
4.1814,0,0,0,1,0,0,167
4.2267,0,0,0,0,1,0,167
4.2354,0,0,0,0,0,1,167
4.0289,0.40476,1,0,0,0,0,168
4.2092,0.00015,0,1,0,0,0,168
4.2387,0,0,0,1,0,0,168
4.2461,0,0,0,0,1,0,168
4.2063,0,0,0,0,0,1,168
4.101,0.0004,0,1,0,0,0,173
4.1539,0,0,0,1,0,0,173
4.2157,0,0,0,0,1,0,173
4.2695,0,0,0,0,0,1,173
3.4812,0.9704,1,0,0,0,0,176
3.8133,0,0,1,0,0,0,176
3.9284,0,0,0,1,0,0,176
4.0491,0,0,0,0,1,0,176
4.0447,0,0,0,0,0,1,176
3.8918,0.505,1,0,0,0,0,180
4.0254,0,0,1,0,0,0,180
4.0913,0,0,0,1,0,0,180
4.1495,0,0,0,0,1,0,180
4.1955,0,0,0,0,0,1,180
4.2002,0.12532,1,0,0,0,0,183
4.2739,2e-05,0,1,0,0,0,183
4.2931,0,0,0,1,0,0,183
4.3108,0,0,0,0,1,0,183
4.3289,0,0,0,0,0,1,183
3.7519,0.5064,1,0,0,0,0,189
3.8501,0.0002,0,1,0,0,0,189
3.9636,0,0,0,1,0,0,189
4.068,0,0,0,0,1,0,189
4.1526,0,0,0,0,0,1,189
3.9703,0.1175,1,0,0,0,0,193
4.0792,0,0,1,0,0,0,193
4.1538,0,0,0,1,0,0,193
4.1798,0,0,0,0,1,0,193
4.2201,0,0,0,0,0,1,193
3.6628,0.6706,1,0,0,0,0,194
3.7977,0.0005,0,1,0,0,0,194
3.8834,0,0,0,1,0,0,194
3.9925,0,0,0,0,1,0,194
4.1338,0,0,0,0,0,1,194
3.7751,0,0,1,0,0,0,195
3.9216,0,0,0,1,0,0,195
4.0379,0,0,0,0,1,0,195
4.1178,0,0,0,0,0,1,195
3.7136,0.06,1,0,0,0,0,196
4.0342,0.3441,1,0,0,0,0,201
4.1912,0,0,1,0,0,0,201
4.2189,0,0,0,1,0,0,201
4.2305,0,0,0,0,1,0,201
4.2546,0,0,0,0,0,1,201
4.1558,0.13218,1,0,0,0,0,202
4.2341,0,0,1,0,0,0,202
4.2452,0,0,0,1,0,0,202
4.26,0,0,0,0,1,0,202
4.2994,0,0,0,0,0,1,202
3.5234,0.49555,1,0,0,0,0,205
4.0091,0,0,1,0,0,0,205
4.0915,0,0,0,1,0,0,205
4.1762,0,0,0,0,1,0,205
4.2245,0,0,0,0,0,1,205
3.2925,0.96506,1,0,0,0,0,207
3.6988,0.10147,0,1,0,0,0,207
3.8009,0,0,0,1,0,0,207
4.0133,0,0,0,0,1,0,207
4.1462,0,0,0,0,0,1,207
3.908,0.032624,1,0,0,0,0,213
4.0622,0.00036579,0,1,0,0,0,213
4.1484,0,0,0,1,0,0,213
4.2186,0,0,0,0,1,0,213
4.2507,0,0,0,0,0,1,213
3.7257,0.18933,1,0,0,0,0,214
3.8067,0,0,1,0,0,0,214
3.895,0,0,0,1,0,0,214
3.9728,0,0,0,0,1,0,214
4.0453,0,0,0,0,0,1,214
